strategic_region={
	id=136
	name="STRATEGICREGION_140"
	provinces={
		1790 1807 1828 1846 1862 1866 1883 1890 1898 1906 1916 1922 1928 1933 1961 1965 4556 4588 4599 4606 4609 4613 4625 4637 4644 4656 4664 4673 4679 4699 4722 7326 7340 7344 7359 7364 7369 7387 7393 7398 7405 7409 7427 7432 7450 7461 7466 7469 9864 9881 9890 9897 9904 9910 9911 9914 9928 9963 9964 11509 11512 11528 11535 11541 11549 11567 11569 11574 11579 11589 11602 11605 11610 11616 11622 11628 11648 11793 11863 11864
	}
	weather={
	}
}

