
strategic_region={
	id=147
	name="STRATEGICREGION_152"
	provinces={
		257 305 615 687 762 807 808 919 1391 1394 1471 1483 1491 1493 1496 1523 1533 1550 1568 1607 1619 1628 1633 1638 1686 1745 1761 1776 1786 1791 1799 1833 1840 1843 1847 1856 1859 1870 1879 1882 1897 1904 1911 1915 1929 1936 1943 1950 1969 1973 1982 1994 2000 2006 2007 2009 2010 2013 2015 2016 2017 2021 2024 2026 2034 2042 4115 4313 4328 4386 4428 4549 4554 4568 4626 4639 4662 4685 4709 4743 4762 4764 5803 7131 7157 7217 7229 7274 7349 7389 7438 7489 9730 9756 9772 11434 11447 11538 11595 11631 
	}
	weather={
	}
}
