state={
	id=318
	name="STATE_351"
	manpower = 2354971
	state_category = town
	history={
		owner = SOV
		buildings = {
			infrastructure = 3
		}
		add_core_of = SOV
		victory_points = {
			8398 3
		}
	}
	provinces={
		23 58 72 77 80 101 119 124 132 143 145 148 154 173 2810 2864 2865 2884 2892 2896 2903 2922 2932 2947 2950 2953 2956 2965 5571 5619 5622 5633 5638 5653 5654 5660 5688 5704 5706 5711 5712 8323 8373 8379 8382 8398 8400 8402 8425 8448 8449 8451 8455 8457 8466 10011 10019 10020 10038 10047 10057 10066 10072 10076 10104 10123 10132 10135 10140 10159
	}
}

